ligand_pattern:0,0,0,0,0,0,0,0,1,2,2,2
link_atoms:0,3,4,6,7,8,9,10,11,12,16,17,18,22,23,24,28,29,30,31,32,33,34,38,39,40,41,42,43,47,48,49,50,51,52,53,54,55,56,60,61,62,63,64,65,69,70,71,72,73,74,75,76,77,78,81,82,84,85,86,87,88,91,92,94,95,96,97,98,99,100,101,102,103,104,108,109,111,112,113,117,118,121,122,129,130,131
extra_atoms:0,3,4,6,7,8,9,10,11,12,16,17,18,22,23,24,28,29,30,31,32,33,34,38,39,40,41,42,43,47,48,49,50,51,52,53,54,55,56,60,61,62,63,64,65,69,70,71,72,73,74,75,76,77,78,81,82,84,85,86,87,88,91,92,94,95,96,97,98,99,100,101,102,103,104,108,109,111,112,113,117,118,121,122,129,130,131
starting_index:0,6,17,28,39,50,61,72,83,94,105,116,127,138
ligand_pattern:0,0,0,0,0,0,0,0,1,2,2,2
link_atoms:0,3,4,6,7,8,9,10,11,12,16,17,18,22,23,24,28,29,30,31,32,33,34,38,39,40,41,42,43,47,48,49,50,51,52,53,54,55,56,60,61,62,63,64,65,69,70,71,72,73,74,75,76,77,78,81,82,84,85,86,87,88,91,92,94,95,96,97,98,99,100,101,102,103,104,108,109,111,112,113,117,118,121,122,129,130,131
extra_atoms:0,3,4,6,7,8,9,10,11,12,16,17,18,22,23,24,28,29,30,31,32,33,34,38,39,40,41,42,43,47,48,49,50,51,52,53,54,55,56,60,61,62,63,64,65,69,70,71,72,73,74,75,76,77,78,81,82,84,85,86,87,88,91,92,94,95,96,97,98,99,100,101,102,103,104,108,109,111,112,113,117,118,121,122,129,130,131
starting_index:0,6,17,28,39,50,61,72,83,94,105,116,127,138
ligand_pattern:0,0,0,0,0,0,0,0,1,2,2,2
link_atoms:0,3,4,6,7,8,9,10,11,12,16,17,18,22,23,24,28,29,30,31,32,33,34,38,39,40,41,42,43,47,48,49,50,51,52,53,54,55,56,60,61,62,63,64,65,69,70,71,72,73,74,75,76,77,78,81,82,84,85,86,87,88,91,92,94,95,96,97,98,99,100,101,102,103,104,108,109,111,112,113,117,118,121,122,129,130,131
extra_atoms:0,3,4,6,7,8,9,10,11,12,16,17,18,22,23,24,28,29,30,31,32,33,34,38,39,40,41,42,43,47,48,49,50,51,52,53,54,55,56,60,61,62,63,64,65,69,70,71,72,73,74,75,76,77,78,81,82,84,85,86,87,88,91,92,94,95,96,97,98,99,100,101,102,103,104,108,109,111,112,113,117,118,121,122,129,130,131
starting_index:0,6,17,28,39,50,61,72,83,94,105,116,127,138
ligand_pattern:0,0,0,0
link_atoms:
extra_atoms:
starting_index:0,1,12,23,34,45
